-1.018988808422714065e+01 2.291204102543519028e+00
9.730534694845930588e+00 1.355290724227985022e+00
9.290683397751759998e+00 -3.614531207691664250e+00
7.120426424332385373e+00 5.575761586541219117e+00
-3.015031301879650627e+00 -1.067124728245310372e+01
9.176037013525794706e+00 1.095296709443032590e+00
7.763706944697008616e+00 -3.680121779778439794e+00
-1.011941434796241346e+01 1.386323145091911568e+00
8.857150621981830341e+00 4.476202863322591985e-01
8.960595611018408846e+00 -6.798330525295052107e-01
-5.561128145963571079e+00 -8.131757136824790066e+00
3.773945608375938399e+00 -7.767228140684268034e+00
7.167078247099392563e+00 5.696694486084281195e+00
-5.150754123634057713e+00 7.653587042197076862e+00
2.868565850895355318e+00 9.226547447274894509e+00
-5.085938698280511261e+00 -7.097536202464200805e+00
-9.065236074380136344e+00 7.599984428546079085e-02
-1.083421445644810710e+01 -1.416049053728128726e+00
-1.086996278462891752e+01 -2.008955051984182116e+00
9.067166368543743138e-01 9.024659829320878401e+00
-6.209581946176886413e-01 1.105180386847837859e+01
-4.894747352630231418e+00 -1.021905676813267583e+01
1.184446059400399376e+00 9.894960107722804210e+00
8.657283027566125000e+00 6.903239270076324097e+00
-1.104815363906171299e+01 -2.939178767198444397e+00
-9.130322286886013217e+00 2.709314604646742453e+00
-2.656462821762128002e+00 8.431604963365629146e+00
7.224346353247312891e+00 -7.177701420536617860e+00
-4.525983704485719628e+00 -9.170298502797367135e+00
-1.159241181918791552e+00 9.764336674550801121e+00
2.057982968691370651e+00 -1.060367071665029925e+01
9.615446530886803345e+00 -2.629359709426247083e+00
8.549256983949435451e+00 1.917503637684042195e+00
6.863659621901196939e-01 9.726375602834970380e+00
-9.417000264014999900e+00 -2.786786193701280112e+00
1.099688064530501741e+01 1.903953238250783997e+00
5.262143796631636228e+00 -9.748460148755917487e+00
-6.767306161552854249e+00 -5.330422234374204038e+00
-3.339317687692976655e+00 1.004741313907536160e+01
-1.096696160538790288e+01 3.022979816288772437e+00
4.536984710513690899e+00 8.511199136315703129e+00
8.916877560695930516e-01 -1.045631011617982331e+01
8.945186873179622467e+00 -1.835434170166679646e+00
9.327409898955096423e+00 3.518610201167868379e+00
-1.590837710427479568e+00 9.246859699380973296e+00
-1.046779907727788839e+01 -4.510536699310420339e+00
7.513421526665289285e+00 -7.450758571329076929e+00
1.088102337198192338e+01 1.760352974038468910e+00
-8.405194968883556328e+00 6.528741190379224513e+00
-9.207978731814261408e+00 6.829174940574852748e+00
1.007133849593859587e+01 4.710989947897530783e+00
-1.078830972599001825e+01 9.532292415890351034e-01
4.816747649029474054e+00 -9.601630610432531299e+00
6.785511792568175160e+00 8.080884059983883816e+00
-2.474687030870240445e+00 -9.571939958756500388e+00
7.293240349966069402e+00 -5.099011273039242731e+00
-5.785388710735566598e+00 7.858848522776288981e+00
5.253078662554783840e+00 9.948624614455063409e+00
-1.339105812695929876e+00 1.090406888878658975e+01
8.672370969640889271e+00 6.888649867117927705e+00
-2.386685409408601244e-01 -1.144214401014360227e+01
8.770212080544666833e+00 -3.532135945045548286e+00
-8.023382333395467469e+00 -7.465137571448170917e+00
-5.988945874821182791e+00 -8.350855977263652363e+00
-3.394487225053070545e-01 8.605097685065958402e+00
-9.120306023196915746e+00 -5.849375221662093338e+00
7.567395809955350217e+00 5.363138044665396897e+00
-3.905372137271914124e+00 1.020692123361893877e+01
-8.992308096166398812e+00 4.469496039641659202e+00
5.793349132128087220e+00 -9.248877891880200153e+00
4.019130069706229769e+00 -9.543187719913778011e+00
8.586754717668934944e+00 4.892965907933711556e+00
-1.101530355613324730e+01 4.737748809929009930e-01
9.686432157305993940e+00 -5.429650218011366825e+00
6.678703407839907236e+00 5.425213070484566913e+00
8.833233271221075711e+00 -3.038115131691978998e+00
-9.077043191642847120e+00 6.807744240435482652e+00
-3.801753063987256542e-01 1.083065469751161203e+01
-9.860167498082876847e+00 -5.753576438267030690e-01
5.177997069090855220e+00 -7.201387018393210049e+00
3.349407285764518516e+00 9.870160495400140732e+00
1.062731586646809312e+01 -1.322471432862202922e+00
3.940192894378697908e-01 -1.015004544179830859e+01
-1.525475875807744908e+00 -1.007235949947322595e+01
-8.608560175260411285e+00 -7.367748135012015531e+00
5.225958230194344800e+00 -7.633555779147658704e+00
-9.202079296092486871e+00 -2.798862337786873766e-01
5.989253393136847237e+00 -9.456318177394679836e+00
-1.126900376554426586e+01 -2.124473133505903721e+00
1.341219596481139087e+00 -9.761239824534293064e+00
-9.140561444485200582e+00 -6.809937525786273760e+00
1.130871022865354192e+01 -5.318050005833963034e-02
-1.039119899913683476e+01 -5.969629556773599077e-01
5.145450398387791502e+00 -7.271179257676906538e+00
9.215214230379118021e+00 -4.868179078741306398e+00
7.857605347481200653e+00 -6.272221320921862464e+00
-5.774490139529344646e+00 8.465399645448629329e+00
6.683128024953872703e+00 5.841452945173539746e+00
-9.778884768964724472e+00 -9.206204563665941476e-02
3.203563687244871616e+00 -8.321488951555620517e+00
3.280345317010938011e+00 -1.049201868525752879e+01
-4.784086940176701219e+00 7.355540090103528605e+00
-5.799784444765570868e+00 -6.905152415157833623e+00
-7.654437244020440900e+00 -5.390974944396931257e+00
9.695122516075375785e+00 4.667076255367665460e+00
-3.423259655141241531e+00 -8.817015980070614489e+00
-6.155772540149723859e+00 -6.196227173099673635e+00
9.448480374726738518e+00 3.379291444125561483e+00
-7.534518998244030819e+00 6.575926643471033728e+00
-7.786198126615870407e+00 3.426353212105758050e+00
9.277966890829445479e-01 -9.634182885234656268e+00
-1.047459249895833722e+01 -1.269638046761369710e+00
1.258216775398137921e+00 -9.525475046387473554e+00
4.087140179763619763e+00 -8.186747857782004090e+00
8.669044266597966342e+00 -3.170115437497284638e+00
5.130399059084225222e+00 -6.971412156646429104e+00
-5.133455671244583129e+00 -7.891489459310424337e+00
-8.678465449661919351e+00 6.546112042889370208e+00
8.007573115281203968e+00 -7.475047866104951311e+00
7.459994917865297559e+00 8.747004567259706320e+00
-8.347298385566546131e+00 5.424255899605554987e+00
-9.046817673660491721e+00 -6.710078521383525008e+00
-6.041186503509100802e+00 -9.494569401143916565e+00
1.055272660452834721e+01 -1.344699299024316064e+00
2.357823007478420330e+00 -8.906931079394519557e+00
9.084395377984657571e+00 5.035743395255693144e+00
-1.043514799273178006e+01 -1.069306579021770176e+00
5.725099812818861267e+00 -6.459677086835590387e+00
-9.544040774826603624e+00 -2.671275310282327897e+00
3.448278082432065794e+00 9.292561027709790977e+00
-6.406534247271809868e+00 9.117348101701333363e+00
-8.066437628700230178e+00 -4.256003719920610884e+00
-8.677470080373122840e+00 -3.756367459691848598e+00
-1.132431382713351553e+01 1.518001816177092733e+00
-8.819804862908355858e+00 8.174247675945824909e-01
8.413727394746402410e+00 -3.738198994597783820e+00
1.028601652449463799e+01 3.263881476498412537e-01
4.683364779010212864e+00 -9.439262131827574009e+00
-6.309375306666979988e+00 -8.732206151310615283e+00
8.514657695643993662e+00 2.863277709654389991e+00
-4.309947602778983367e+00 -9.588406336679025088e+00
-2.399893885732169441e+00 9.641145739726651342e+00
1.631184787923013246e+00 9.822764113706806910e+00
9.225497041128255526e-01 1.034860361748045143e+01
1.022726454384099704e+01 -3.022433883583494629e-01
-9.090654326259306472e+00 -2.856508890551287205e+00
1.111193956778770620e+01 -1.048979234395157889e-01
7.345455045175172337e+00 4.419705861818986392e+00
-8.186010028030420216e+00 -7.968275719771094501e+00
-1.264813092266259820e-01 8.787194179688043505e+00
-1.366566992883236686e+00 -9.090992794048251113e+00
-8.558606953786108917e+00 -6.950382885066566097e+00
-7.361373173486466470e+00 4.278808711126719899e+00
9.724184592307246078e+00 1.880078208585191257e+00
1.077094853077712955e+01 5.342043056895002043e-03
-4.670941996933221318e+00 9.834103780730631073e+00
1.014171673964424336e+01 -3.597461041686751848e+00
7.027005567437552891e+00 5.470540216084326168e+00
-1.044836910371466487e+01 2.347963876590578813e+00
-1.919115616398390234e+00 -9.909648071695976057e+00
8.136585023289578444e+00 -3.969749960606124617e+00
-7.417300282409732048e+00 -5.133694858953841589e+00
-8.921649246171144965e-01 -8.784862010417224809e+00
-8.386288288800551882e+00 4.282913783245944295e+00
1.255961669211949960e+00 1.030605727303587749e+01
9.593866488323245179e+00 6.349121495637337631e-01
1.567580394177027880e+00 8.576627511930340120e+00
-1.279349100249462579e+00 -1.014592394884473592e+01
1.033924981593276726e+00 -1.085439700544911723e+01
-1.699139717355882206e+00 -1.058160624312632869e+01
-8.814904965481780152e+00 1.200148113381380721e+00
-2.802496803082194510e-01 -1.048724057065988546e+01
-7.577857835909415307e+00 -4.230190484208717017e+00
1.010980881834208844e+01 1.239764295731173638e+00
2.817700328282298550e+00 -1.058963258498622828e+01
7.347709681582177410e+00 4.841197032308181214e+00
8.829223475921134323e+00 -2.788815045581611418e+00
7.723666643711892377e+00 -5.864815144130151481e+00
-5.225750424155313212e+00 7.309536754798100056e+00
-9.599270299938668316e+00 4.901066800917070587e+00
3.262297724094387341e+00 -8.026511002142823870e+00
-9.359893492323770658e+00 -3.659197856438871632e+00
2.512407852221085314e+00 -8.244017663444823896e+00
1.031812147603812901e+00 8.452582564497292950e+00
8.664407206578724541e+00 5.088446920813009200e+00
8.883783767790951913e+00 -7.441632902748275269e-01
-8.051368959985522267e+00 -4.896640121494704623e+00
6.475636444721660112e+00 -6.062343890255863954e+00
1.052483934731211690e+01 1.796137320640356139e+00
-7.726677241773979965e+00 7.389481841445142862e+00
-2.455356461398408463e+00 1.099243535990305531e+01
-4.424280720033228143e+00 -7.270023724302081547e+00
6.172329780279417477e+00 7.374938600828453872e+00
-9.105791837276958844e+00 -2.602672738591687907e+00
8.793778846200480004e+00 6.143199041258333715e-01
-8.695762065242673700e+00 9.681035323437161555e-01
-7.674186642425317117e+00 -7.224032509173187400e+00
8.486760385438737231e+00 2.123123747616070034e+00
-6.412741720570642734e+00 6.547577289773056641e+00
-7.134338667155384339e-01 -1.058815333495323330e+01
2.000455349237147828e+01 -6.201227785142884308e+00
9.292944799470003403e+00 -4.694150490139848420e-01
2.508422290170764057e+01 1.920737670543817055e+00
2.366249850821591139e+01 2.344430964078970447e+00
2.413394511392800723e+01 4.944766517422406693e+00
9.274572231651648124e+00 -1.490996047751284248e+00
1.600721969413472578e+01 -6.319706469217800660e+00
2.393185801408045066e+01 -3.589307596643351861e-01
1.821355532854394710e+01 7.536880962358188718e+00
1.850907603901390175e+01 -7.549381684365462419e+00
1.001016152809899751e+01 1.256246265892881242e+00
1.012072022279886596e+01 4.318996403027260733e+00
1.747081246605522509e+01 6.693526624480443665e+00
2.176118194962100461e+01 -6.791274297116704162e+00
1.038423736850749535e+01 -8.641702208205466196e-01
2.236278124676744739e+01 4.229868885508636822e+00
1.078436159041180176e+01 1.631758256378028904e-01
9.522003610916547345e+00 5.710856659567552507e-01
2.325219310726838984e+01 -6.199371233297088502e+00
2.502298892096317573e+01 6.387960940601394855e-01
1.092374657712172237e+01 -1.378681665020708991e+00
2.243421698075826143e+01 -4.102351238489025498e+00
1.023186671589544083e+01 -1.215649625404528145e+00
2.349794972595906728e+01 5.355284757730768064e+00
1.261388870963711284e+01 5.765645234176863809e+00
1.466126433080752633e+01 6.011570891395972005e+00
1.109662196768904963e+01 4.963478464259091005e+00
2.404739267951098114e+01 3.216048564155476797e+00
2.500561863048517353e+01 -3.119551609105924772e+00
1.930403553968206509e+01 -8.105711512054966761e+00
2.487988767319716388e+01 -4.431497049961267365e+00
2.042399674582937763e+01 -7.054487716485162707e+00
1.692786536568639377e+01 -7.170529031792944430e+00
2.401267924601019033e+01 5.379193197368050683e+00
1.109735015016538107e+01 -3.140941520245580154e+00
2.568770005889382446e+01 2.292986032890919346e-01
2.300521039811362556e+01 -5.646924077207035708e+00
1.103761403063490221e+01 4.440823790955247929e+00
1.753305510094534725e+01 -6.745147127206451820e+00
2.449810047841999605e+01 4.804439247554419534e-01
2.458561960055493145e+01 -3.745319694651493947e+00
1.072330288019130862e+01 5.500227215263210345e-01
1.750520196551318364e+01 7.751087626636825156e+00
9.808630507817536426e+00 3.034495169165408068e+00
1.301830452092288581e+01 7.000606597788991081e+00
2.549807434895380709e+01 -3.213784012671622392e+00
1.496597450748072333e+01 7.557809192237694873e+00
2.412471877390010633e+01 1.944692846157489052e+00
1.059351697964016736e+01 3.638843094318470195e-01
2.572512441883705492e+01 -4.485559876944911206e-01
9.395054473999183031e+00 1.270373730840151483e+00
1.267156130749168597e+01 -5.672193622958342729e+00
1.364695293509770124e+01 -7.493838532275603370e+00
1.893562460493415145e+01 -8.170763396555415170e+00
1.394821435272714538e+01 6.742873008912114052e+00
2.361965750696953847e+01 -4.940592132617544152e+00
2.371261725709120682e+01 1.539723240523298564e+00
2.407893419721919415e+01 3.966128842486963624e+00
1.173599616747198482e+01 -4.075753750307225864e+00
2.408671108864389510e+01 1.148173414366095324e+00
1.063941314537942162e+01 -4.298990589687444519e+00
1.634712964293313320e+01 -8.467904812373522105e+00
2.040148959762522196e+01 -6.772757133683139585e+00
2.362359040979285396e+01 -5.489886954665930574e+00
2.314855517047090672e+01 -6.287216744244956246e+00
2.413438351424820283e+01 -2.245263357362067058e+00
2.205733044314806790e+01 4.571083596273135541e+00
1.600008438225621887e+01 -7.254892022483313774e+00
2.031148070183608567e+01 -7.715495027177370346e+00
9.934957549778603791e+00 5.992833464353084505e-01
1.728495756568313979e+01 6.807576625420856509e+00
1.256502557091684480e+01 6.585162483997114791e+00
1.237127590110040209e+01 4.783617824893407366e+00
2.495506582070942159e+01 4.161336025127134519e+00
1.027451932753095676e+01 -2.376857522959578528e+00
2.184660614057006711e+01 -4.750754355326531453e+00
1.119373663811528097e+01 -4.542520734395415261e+00
1.985425217831789624e+01 7.977836933963425636e+00
2.494756600755174247e+01 2.849343286700864564e+00
1.240644838772304404e+01 -6.825632198195583200e+00
1.057287579496882124e+01 -5.002005183048879644e+00
2.403617003584077594e+01 4.279514178946961067e+00
2.346773844985547086e+01 -5.117281733263585153e+00
1.081849193462650760e+01 -1.833026877863782822e+00
1.896326644436645026e+01 6.502130195945842850e+00
1.235614302329352121e+01 6.154749115638315615e+00
2.487551558447178124e+01 7.297707066042462554e-01
1.421635853797530302e+01 5.636092231783457862e+00
1.180225510300341085e+01 -5.258749596551663963e+00
2.246984024638508259e+01 6.692301070927830331e+00
1.286061033882598537e+01 -6.463429554294841672e+00
2.579750448116046613e+01 9.864901844024497324e-01
2.190194826405047479e+01 6.771991823937096200e+00
1.835600432935189019e+01 7.460854659195815586e+00
2.544820682478681562e+01 -2.010208748462232187e+00
2.316968156087557773e+01 3.069154682113263366e+00
2.248170232452400086e+01 6.469873113595228986e+00
1.816994378126264920e+01 -8.191896484583461202e+00
2.463324630073309152e+01 2.287674559214797565e+00
2.434274757557657409e+01 1.658709402684087175e+00
1.922095335317529674e+01 -6.836598949296154970e+00
1.042690270664561325e+01 -1.967796026316677604e+00
2.096453364045823164e+01 6.613943900770442141e+00
1.783279594783637378e+01 7.923277618115444731e+00
1.391924356971786736e+01 5.286319118780692605e+00
1.792473369816148931e+01 -7.091247509079576794e+00
2.153450908350379223e+01 5.854282799063115661e+00
2.121271929948139601e+01 -6.994844907117142796e+00
1.262423759500035914e+01 4.255584584405183612e+00
1.743532999706972930e+01 -7.680640865567086806e+00
1.291088988378889013e+01 -4.837613650196759707e+00
1.895856803593937201e+01 6.813710371436460633e+00
2.545020581284736494e+01 -6.374627595314072970e-01
1.874841328889188574e+01 6.419658860959322588e+00
2.342447704993393387e+01 -4.032881070562745585e+00
1.286345766109436184e+01 -4.924875666372505734e+00
1.757370272831668601e+01 -8.092886032952355535e+00
1.113165737783447184e+01 -2.766254623080989461e+00
1.289591348910779800e+01 -4.645114406372008453e+00
2.490001684008389304e+01 3.819568616618767898e+00
1.083372916184234214e+01 -3.839450638964453599e+00
2.052060836868690785e+01 6.602779201408647047e+00
1.221801051984092901e+01 -6.001670070446017746e+00
2.395194859245924945e+01 -2.371432334388558605e+00
1.103154433799764078e+01 4.895384719952900809e+00
2.025667840153264265e+01 6.750426024326937835e+00
1.099885482030047257e+01 7.356233674029881708e-01
1.305305480453751166e+01 -7.220631663862340233e+00
1.334565987018940802e+01 -6.073109283483224985e+00
1.547325221032772724e+01 6.069109017448499621e+00
9.070159957978214393e+00 -9.223916065744161008e-01
2.421580808939631879e+01 -2.284678286825872817e+00
1.180199225937064611e+01 -3.728195955523044613e+00
1.088503391906838225e+01 4.250538730421562050e+00
1.875601785908411401e+01 6.825520474692955197e+00
1.892681395282500034e+01 6.505241012410220236e+00
2.249109223065425311e+01 6.448203892161941120e+00
1.328760149833160753e+01 -5.238455798079263204e+00
1.130448557968182932e+01 4.252670104012363339e+00
9.970492798268386636e+00 -3.105594318137670395e+00
1.140925756304438110e+01 -3.237749571398341519e+00
9.493912495973884091e+00 1.069154389314275866e+00
1.032172596427045974e+01 -4.190190459118189104e+00
1.480391950454120220e+01 6.883798143970922823e+00
2.475725607927430616e+01 2.735306553660862949e+00
2.176915758311686488e+01 -6.850028237155038724e+00
2.471441577475325602e+01 6.253360412483806030e-01
2.283880356779907572e+01 -6.077926454045895710e+00
2.421570254751729934e+01 1.750578842812129610e+00
1.263416650337136815e+01 -7.083921914827275401e+00
2.537165537824360584e+01 -3.102343789567799437e+00
1.666184397216718338e+01 8.077751866198129349e+00
1.076421064956387497e+01 -3.734830098678482369e+00
1.923090662337679646e+01 -6.862674427365398344e+00
1.217752328155232178e+01 -5.875762141351531298e+00
2.451519727947498950e+01 9.218954914216193064e-02
1.145015326392129218e+01 4.186323138303891689e+00
2.509882957708424200e+01 3.129936727992834733e+00
1.418685442062958124e+01 5.535602398216589393e+00
1.591735253995349098e+01 -6.956394907257645421e+00
1.268435932027233726e+01 -5.560606162796507768e+00
1.698400726537937544e+01 -6.987815228226856412e+00
1.514576819613827752e+01 8.174326943619677266e+00
2.258418248644330717e+01 -5.158042591590219494e+00
1.016241479878095966e+01 3.671878036158067626e+00
1.575383494988517796e+01 -8.313935851737340954e+00
2.238338385415812937e+01 4.321620037338233189e+00
1.452285502707040621e+01 -5.937484943728305709e+00
2.387105901825392351e+01 -5.621501934804340017e+00
2.429952697129953521e+01 -5.265880388969701453e-01
2.298547535537354491e+01 -4.862206578692076953e+00
2.459266527110665024e+01 -2.387564470207115541e-01
9.581809537985661152e+00 2.821294080379660230e+00
9.461585194090234907e+00 1.396772465329310986e+00
1.672962561865181641e+01 -7.235883208811960898e+00
2.541402512248402346e+01 -1.102270442340941736e+00
2.049197317847046662e+01 7.610581642737130892e+00
1.351837480885100540e+01 -6.910040446464042141e+00
2.348812141108747298e+01 -5.096313231014521605e+00
1.967427083157028633e+01 7.066603856901800818e+00
2.206952139905339649e+01 -6.191070957076071579e+00
1.023526253273957209e+01 2.876236270859755084e+00
2.437883875680772405e+01 -1.934195987685468188e+00
2.569714160181797524e+01 4.773592797084728057e-01
1.005233223150820265e+01 3.524290592257963262e+00
2.132017382176709219e+01 5.168455299397371583e+00
1.842037463260506058e+01 -8.017460801367223056e+00
2.345677461561501431e+01 -4.812155632096070335e+00
2.473577964837255649e+01 9.833896303082798607e-01
2.116512918907087837e+01 7.104862710267117798e+00
1.656175065325541595e+01 6.669898986413095976e+00
1.081660545294005793e+01 1.172002224140943127e+00
1.640579259411461166e+01 -8.397359677653414067e+00
1.338545955242443952e+01 6.708365438143942150e+00
2.250981095636802110e+01 4.267480407709713930e+00
1.053511225540336227e+01 -1.651179413040428701e+00
1.579990102582103439e+01 -6.281812066260115124e+00
1.304833251344322420e+01 7.241359077132750954e+00
1.569318777418951605e+01 -6.679421929514853140e+00
2.073367716446137621e+01 7.902646466107223766e+00
